30
30
6 0 2 3 4 6 7 11 13 15 17 19 20 21 22 24 26 27 29
7 0 1 2 3 4 5 6 7 9 11 13 14 15 16 18 21 22 23 24 25 26 27 28 29
8 0 1 2 3 4 5 6 7 9 10 12 14 15 17 18 19 21 22 23 25 26 28 29
5 0 1 2 3 4 5 6 7 8 9 10 11 15 16 17 18 19 20 21 23 24 25 26 27 28 29
4 0 1 2 3 4 5 6 7 8 9 10 11 14 17 18 19 20 21 23 24 25 26 27 28 29
1 0 1 2 3 4 5 6 7 8 9 10 12 13 15 17 18 19 20 21 23 24 25 26 27 28 29
0 0 1 2 3 4 5 6 7 8 9 10 11 12 13 14 17 18 19 20 21 22 23 24 25 26 27 28 29
2 0 1 2 3 4 5 6 7 9 10 11 12 13 14 15 16 18 19 21 22 24 25 26 27 28 29
3 0 1 2 3 4 5 6 7 8 9 10 11 12 13 15 17 19 20 21 22 24 25 26 27 28 29
4 0 1 2 3 4 5 6 7 8 9 10 11 12 13 14 15 16 17 19 20 21 22 23 24 25 26 28 29
5 0 1 2 3 4 5 6 7 9 10 11 12 13 14 15 16 17 18 19 21 22 23 24 25 27 28 29
10 0 1 2 3 4 5 6 7 9 10 11 12 13 14 15 16 17 18 19 22 23 24 26 27 28 29
9 0 1 2 3 4 5 6 7 8 9 10 11 12 13 14 16 17 18 19 20 21 22 23 25 26 27 28 29
8 0 2 3 4 5 6 7 8 10 11 12 13 14 15 16 17 18 19 20 21 22 24 25 26 27 28 29
7 0 1 3 4 5 6 7 10 11 12 13 14 15 16 17 18 19 20 21 23 24 25 26 27 28 29
5 2 4 5 6 8 9 10 11 12 13 14 15 16 17 18 19 20 22 23 25 26 27 28 29
5 1 2 3 5 7 9 10 11 12 13 14 15 16 17 18 19 21 22 23 24 25 26 27 28
6 2 3 6 8 9 10 11 12 13 14 15 17 18 20 21 22 23 24 25 26 27 28 29
7 1 2 4 7 9 10 11 12 13 14 16 17 19 20 21 22 23 24 25 26 28 29
8 0 3 4 6 8 9 10 11 12 14 15 16 18 19 20 21 22 23 24 26 27 28 29
7 0 2 4 6 7 9 10 11 12 13 14 15 17 18 19 20 21 22 23 24 25 26 27 28
7 2 3 4 5 7 8 9 10 11 12 13 14 16 17 18 19 20 21 22 23 24 25 26 27 28 29
4 1 3 4 5 6 9 10 11 13 17 18 19 20 21 22 23 24 25 26 27 28 29
3 1 2 4 5 6 7 9 11 12 15 16 17 18 19 20 21 22 23 24 26 27 28
3 1 2 3 5 6 7 10 11 13 15 17 19 20 22 23 24 25 26 27
10 0 1 2 3 4 5 7 8 9 11 12 13 14 15 16 17 19 20 21 22 23 24 25 26 27 28 29
0 0 1 2 3 4 5 6 9 11 12 13 15 16 17 18 19 20 22 23 24 25 26 27 28
0 0 1 2 3 4 5 6 10 11 12 13 14 15 16 17 18 19 21 22 23 25 26 27 28 29
10 0 1 2 3 4 5 6 7 9 10 11 12 13 14 15 16 17 18 19 21 23 24 25 26 27 28
10 0 1 2 3 4 5 6 7 9 11 12 13 14 15 16 17 18 19 20 22 23 24 25 26 27 28